[1.jpg]
moddate=206c3a839fd0d101
width=1332
height=724
text=1;136;9;connect u;Book Antiqua;0.314218,0.623184,0.110334,5.765753;v1,4294967295,4278190080,128.000000,1.000000,0.000000,1.000000,700,0,49160;;
textactive=1
